100
1
2	4.0
3	5.0	6.0
4	3.0	6.0	5.0
5	6.0	6.0	5.0	4.0
6	5.0	5.0	5.0	4.0	2.0
7	4.0	4.0	5.0	4.0	5.0	4.0
8	5.0	5.0	5.0	4.0	5.0	5.0	2.0
9	5.0	5.0	5.0	4.0	5.0	5.0	1.0	1.0
10	5.0	5.0	5.0	4.0	4.0	4.0	3.0	2.0	2.0
11	5.0	5.0	5.0	4.0	5.0	5.0	2.0	1.0	1.0	2.0
12	6.0	5.0	5.0	5.0	3.0	3.0	4.0	4.0	4.0	3.0	4.0
13	6.0	5.0	5.0	5.0	5.0	5.0	2.0	2.0	1.0	3.0	2.0	4.0
14	5.0	5.0	4.0	4.0	5.0	5.0	2.0	2.0	1.0	2.0	2.0	4.0	2.0
15	6.0	5.0	5.0	5.0	4.0	4.0	2.0	2.0	1.0	3.0	2.0	3.0	1.0	2.0
16	6.0	5.0	5.0	5.0	5.0	5.0	2.0	3.0	2.0	4.0	3.0	4.0	1.0	3.0	2.0
17	6.0	5.0	5.0	5.0	2.0	3.0	4.0	4.0	4.0	3.0	4.0	2.0	4.0	4.0	3.0	4.0
18	6.0	5.0	5.0	5.0	2.0	3.0	4.0	4.0	4.0	3.0	4.0	1.0	4.0	4.0	3.0	4.0	1.0
19	6.0	5.0	5.0	5.0	3.0	3.0	4.0	4.0	4.0	3.0	4.0	1.0	4.0	4.0	3.0	4.0	2.0	1.0
20	5.0	4.0	5.0	5.0	4.0	3.0	2.0	4.0	3.0	4.0	4.0	3.0	3.0	3.0	2.0	3.0	3.0	3.0	3.0
21	6.0	5.0	5.0	5.0	2.0	3.0	4.0	4.0	4.0	3.0	4.0	2.0	4.0	4.0	3.0	4.0	1.0	1.0	2.0	3.0
22	6.0	5.0	5.0	5.0	3.0	4.0	4.0	4.0	4.0	3.0	4.0	3.0	4.0	4.0	4.0	4.0	2.0	2.0	3.0	4.0	2.0
23	6.0	5.0	5.0	5.0	4.0	4.0	3.0	2.0	2.0	3.0	2.0	3.0	2.0	3.0	1.0	3.0	3.0	3.0	3.0	3.0	3.0	4.0
24	5.0	5.0	5.0	4.0	5.0	5.0	2.0	2.0	1.0	2.0	2.0	4.0	2.0	1.0	2.0	3.0	4.0	4.0	4.0	3.0	4.0	4.0	3.0
25	5.0	4.0	5.0	5.0	4.0	3.0	1.0	3.0	2.0	4.0	3.0	3.0	2.0	3.0	1.0	2.0	3.0	3.0	3.0	1.0	3.0	4.0	2.0	3.0
26	5.0	6.0	4.0	4.0	5.0	5.0	4.0	4.0	4.0	4.0	4.0	5.0	5.0	3.0	5.0	4.0	5.0	5.0	5.0	5.0	5.0	5.0	5.0	4.0	5.0
27	5.0	5.0	4.0	5.0	5.0	4.0	4.0	5.0	5.0	5.0	5.0	5.0	5.0	5.0	5.0	5.0	5.0	5.0	5.0	4.0	5.0	5.0	5.0	5.0	4.0	5.0
28	5.0	5.0	5.0	5.0	4.0	3.0	4.0	5.0	5.0	4.0	5.0	4.0	5.0	5.0	5.0	5.0	4.0	4.0	4.0	4.0	4.0	4.0	5.0	5.0	4.0	5.0	1.0
29	6.0	6.0	5.0	5.0	4.0	4.0	3.0	3.0	2.0	4.0	3.0	4.0	2.0	3.0	1.0	3.0	4.0	4.0	4.0	3.0	4.0	5.0	2.0	3.0	2.0	5.0	5.0	5.0
30	3.0	6.0	5.0	1.0	5.0	5.0	4.0	4.0	4.0	4.0	4.0	5.0	5.0	4.0	5.0	5.0	5.0	5.0	5.0	5.0	5.0	5.0	5.0	4.0	5.0	4.0	5.0	5.0	5.0
31	6.0	6.0	5.0	5.0	4.0	4.0	3.0	3.0	2.0	4.0	3.0	4.0	2.0	3.0	1.0	3.0	4.0	4.0	4.0	3.0	4.0	5.0	2.0	3.0	2.0	5.0	5.0	5.0	1.0	5.0
32	5.0	5.0	6.0	5.0	6.0	6.0	4.0	3.0	3.0	3.0	3.0	5.0	4.0	3.0	4.0	5.0	5.0	5.0	5.0	5.0	5.0	5.0	4.0	3.0	5.0	5.0	6.0	6.0	5.0	5.0	5.0
33	5.0	6.0	5.0	6.0	6.0	6.0	6.0	6.0	6.0	6.0	6.0	6.0	6.0	6.0	6.0	6.0	6.0	6.0	6.0	6.0	6.0	6.0	6.0	6.0	6.0	6.0	5.0	5.0	6.0	6.0	6.0	6.0
34	5.0	4.0	6.0	6.0	6.0	5.0	3.0	5.0	4.0	5.0	5.0	5.0	4.0	4.0	4.0	4.0	5.0	5.0	5.0	3.0	5.0	5.0	5.0	4.0	3.0	6.0	4.0	4.0	5.0	6.0	5.0	5.0	3.0
35	5.0	4.0	6.0	6.0	6.0	5.0	4.0	5.0	5.0	5.0	5.0	5.0	5.0	5.0	5.0	5.0	5.0	5.0	5.0	4.0	5.0	5.0	5.0	5.0	4.0	6.0	4.0	4.0	6.0	6.0	6.0	5.0	3.0	1.0
36	4.0	4.0	6.0	5.0	6.0	5.0	4.0	5.0	5.0	5.0	5.0	5.0	5.0	5.0	5.0	5.0	5.0	5.0	5.0	4.0	5.0	5.0	5.0	5.0	4.0	6.0	4.0	4.0	6.0	5.0	6.0	5.0	3.0	1.0	1.0
37	6.0	6.0	6.0	6.0	6.0	6.0	6.0	6.0	6.0	6.0	6.0	6.0	6.0	6.0	6.0	6.0	6.0	6.0	6.0	6.0	6.0	6.0	6.0	6.0	6.0	6.0	5.0	5.0	6.0	6.0	6.0	6.0	1.0	3.0	3.0	3.0
38	6.0	6.0	6.0	6.0	6.0	6.0	5.0	6.0	5.0	6.0	6.0	6.0	5.0	5.0	5.0	5.0	6.0	6.0	6.0	5.0	6.0	6.0	6.0	5.0	5.0	6.0	5.0	5.0	5.0	6.0	5.0	6.0	2.0	2.0	3.0	3.0	1.0
39	6.0	6.0	6.0	6.0	6.0	6.0	6.0	6.0	6.0	6.0	6.0	6.0	6.0	6.0	6.0	6.0	6.0	6.0	6.0	6.0	6.0	6.0	6.0	6.0	6.0	6.0	5.0	5.0	6.0	6.0	6.0	6.0	2.0	3.0	3.0	3.0	1.0	1.0
40	5.0	5.0	6.0	6.0	6.0	5.0	4.0	6.0	5.0	6.0	6.0	6.0	5.0	5.0	5.0	5.0	6.0	6.0	6.0	4.0	6.0	6.0	6.0	5.0	4.0	6.0	3.0	3.0	5.0	6.0	5.0	6.0	3.0	1.0	2.0	2.0	3.0	2.0	3.0
41	5.0	6.0	6.0	5.0	6.0	6.0	5.0	4.0	4.0	4.0	4.0	6.0	5.0	4.0	5.0	6.0	6.0	6.0	6.0	6.0	6.0	6.0	5.0	4.0	6.0	5.0	5.0	5.0	5.0	5.0	5.0	4.0	5.0	5.0	5.0	5.0	5.0	5.0	5.0	4.0
42	6.0	6.0	6.0	6.0	6.0	6.0	6.0	6.0	6.0	6.0	6.0	6.0	6.0	6.0	6.0	6.0	6.0	6.0	6.0	6.0	6.0	6.0	6.0	6.0	6.0	6.0	4.0	4.0	6.0	6.0	6.0	6.0	2.0	3.0	3.0	3.0	2.0	3.0	3.0	2.0	4.0
43	5.0	4.0	6.0	6.0	4.0	3.0	3.0	4.0	4.0	4.0	4.0	3.0	4.0	5.0	3.0	4.0	3.0	3.0	3.0	3.0	3.0	4.0	3.0	5.0	2.0	6.0	5.0	4.0	4.0	6.0	4.0	5.0	6.0	4.0	4.0	4.0	6.0	6.0	6.0	5.0	6.0	6.0
44	4.0	5.0	6.0	5.0	6.0	5.0	5.0	6.0	6.0	6.0	6.0	6.0	6.0	6.0	6.0	6.0	6.0	6.0	6.0	5.0	6.0	6.0	6.0	6.0	5.0	6.0	5.0	5.0	5.0	5.0	6.0	6.0	5.0	5.0	5.0	5.0	5.0	6.0	6.0	5.0	6.0	5.0	5.0
45	5.0	6.0	4.0	6.0	6.0	6.0	6.0	6.0	6.0	6.0	6.0	6.0	6.0	5.0	6.0	6.0	6.0	6.0	6.0	6.0	6.0	6.0	6.0	6.0	6.0	5.0	6.0	6.0	6.0	6.0	6.0	5.0	5.0	6.0	6.0	6.0	6.0	6.0	6.0	6.0	6.0	6.0	6.0	6.0
46	5.0	5.0	5.0	5.0	6.0	6.0	4.0	4.0	4.0	4.0	4.0	5.0	5.0	3.0	5.0	5.0	5.0	5.0	5.0	5.0	5.0	5.0	5.0	4.0	5.0	4.0	6.0	6.0	6.0	5.0	6.0	4.0	6.0	5.0	5.0	5.0	6.0	6.0	6.0	6.0	5.0	6.0	5.0	6.0	4.0
47	6.0	6.0	5.0	6.0	6.0	6.0	6.0	6.0	6.0	6.0	5.0	6.0	6.0	5.0	6.0	6.0	6.0	6.0	6.0	6.0	6.0	6.0	6.0	6.0	6.0	5.0	6.0	6.0	6.0	6.0	6.0	6.0	6.0	6.0	6.0	6.0	6.0	6.0	6.0	6.0	6.0	6.0	6.0	6.0	5.0	5.0
48	6.0	6.0	5.0	6.0	5.0	6.0	6.0	6.0	6.0	6.0	6.0	6.0	6.0	5.0	6.0	6.0	5.0	5.0	6.0	6.0	5.0	5.0	6.0	6.0	6.0	5.0	6.0	6.0	6.0	6.0	6.0	6.0	6.0	6.0	6.0	6.0	6.0	6.0	6.0	6.0	6.0	6.0	6.0	6.0	5.0	5.0	5.0
49	5.0	6.0	5.0	5.0	5.0	6.0	5.0	5.0	5.0	5.0	5.0	6.0	6.0	4.0	6.0	6.0	5.0	5.0	6.0	6.0	5.0	5.0	6.0	5.0	6.0	4.0	6.0	6.0	6.0	5.0	6.0	5.0	5.0	6.0	6.0	6.0	5.0	6.0	6.0	6.0	5.0	5.0	6.0	5.0	5.0	4.0	5.0	2.0
50	5.0	5.0	6.0	7.0	7.0	6.0	6.0	7.0	7.0	7.0	7.0	7.0	7.0	6.0	7.0	7.0	7.0	7.0	7.0	6.0	7.0	7.0	7.0	7.0	6.0	6.0	6.0	6.0	7.0	7.0	7.0	7.0	7.0	6.0	6.0	6.0	7.0	7.0	7.0	6.0	7.0	7.0	6.0	6.0	6.0	6.0	6.0	6.0	6.0
51	5.0	6.0	7.0	5.0	7.0	7.0	5.0	5.0	5.0	5.0	5.0	6.0	6.0	5.0	6.0	5.0	6.0	6.0	6.0	6.0	6.0	6.0	6.0	5.0	6.0	5.0	6.0	6.0	7.0	5.0	7.0	5.0	6.0	5.0	5.0	4.0	6.0	6.0	6.0	6.0	6.0	6.0	6.0	7.0	7.0	5.0	7.0	7.0	6.0	7.0
52	5.0	7.0	7.0	4.0	6.0	6.0	6.0	6.0	6.0	6.0	6.0	7.0	7.0	6.0	7.0	7.0	7.0	7.0	7.0	7.0	7.0	7.0	7.0	6.0	7.0	6.0	7.0	7.0	7.0	5.0	7.0	6.0	6.0	7.0	7.0	7.0	6.0	6.0	6.0	7.0	6.0	7.0	7.0	6.0	7.0	6.0	7.0	7.0	6.0	6.0	6.0
53	6.0	7.0	4.0	6.0	4.0	5.0	6.0	6.0	6.0	6.0	6.0	5.0	6.0	5.0	5.0	6.0	4.0	4.0	5.0	5.0	4.0	5.0	5.0	6.0	5.0	5.0	6.0	6.0	5.0	6.0	5.0	7.0	6.0	7.0	7.0	7.0	7.0	7.0	7.0	7.0	7.0	7.0	6.0	7.0	5.0	6.0	6.0	5.0	5.0	5.0	7.0	6.0
54	6.0	7.0	4.0	6.0	4.0	5.0	6.0	6.0	6.0	6.0	6.0	5.0	6.0	5.0	5.0	6.0	4.0	4.0	5.0	5.0	4.0	5.0	5.0	6.0	5.0	5.0	6.0	6.0	5.0	6.0	5.0	7.0	5.0	7.0	7.0	7.0	6.0	7.0	7.0	7.0	7.0	6.0	6.0	6.0	5.0	6.0	6.0	5.0	4.0	5.0	7.0	6.0	1.0
55	6.0	7.0	4.0	6.0	5.0	5.0	6.0	6.0	6.0	6.0	6.0	5.0	6.0	5.0	5.0	5.0	5.0	5.0	5.0	5.0	5.0	6.0	5.0	6.0	5.0	4.0	6.0	6.0	5.0	6.0	5.0	7.0	6.0	7.0	7.0	7.0	7.0	7.0	7.0	7.0	7.0	7.0	6.0	7.0	5.0	6.0	6.0	6.0	6.0	5.0	6.0	6.0	1.0	2.0
56	6.0	7.0	4.0	6.0	5.0	6.0	6.0	6.0	6.0	6.0	6.0	6.0	6.0	5.0	6.0	6.0	5.0	5.0	6.0	6.0	5.0	5.0	6.0	6.0	6.0	5.0	6.0	6.0	6.0	6.0	6.0	7.0	6.0	7.0	7.0	7.0	7.0	7.0	7.0	7.0	7.0	7.0	7.0	7.0	5.0	6.0	6.0	5.0	5.0	5.0	7.0	6.0	1.0	2.0	2.0
57	7.0	7.0	6.0	6.0	6.0	6.0	6.0	6.0	6.0	6.0	6.0	6.0	6.0	6.0	6.0	6.0	6.0	6.0	6.0	6.0	6.0	6.0	6.0	6.0	6.0	6.0	6.0	6.0	6.0	6.0	6.0	7.0	6.0	7.0	7.0	7.0	6.0	7.0	7.0	7.0	7.0	6.0	7.0	6.0	7.0	7.0	7.0	7.0	6.0	6.0	7.0	6.0	5.0	4.0	5.0	5.0
58	7.0	7.0	6.0	6.0	6.0	6.0	6.0	6.0	6.0	6.0	6.0	6.0	6.0	6.0	6.0	6.0	6.0	6.0	6.0	6.0	6.0	6.0	6.0	6.0	6.0	6.0	6.0	6.0	6.0	6.0	6.0	7.0	6.0	7.0	7.0	7.0	6.0	7.0	7.0	7.0	7.0	6.0	7.0	6.0	7.0	7.0	7.0	7.0	6.0	6.0	7.0	6.0	5.0	4.0	5.0	5.0	1.0
59	7.0	7.0	5.0	6.0	6.0	6.0	6.0	6.0	6.0	6.0	5.0	6.0	6.0	5.0	6.0	5.0	6.0	6.0	6.0	6.0	6.0	6.0	6.0	6.0	6.0	4.0	6.0	6.0	6.0	6.0	6.0	7.0	7.0	7.0	7.0	7.0	7.0	7.0	7.0	7.0	7.0	7.0	7.0	7.0	6.0	6.0	5.0	6.0	6.0	5.0	6.0	6.0	4.0	4.0	3.0	4.0	5.0	5.0
60	6.0	7.0	6.0	5.0	5.0	5.0	6.0	6.0	6.0	6.0	5.0	5.0	6.0	6.0	5.0	6.0	5.0	5.0	4.0	5.0	5.0	6.0	5.0	6.0	5.0	6.0	6.0	6.0	5.0	5.0	5.0	7.0	7.0	7.0	7.0	7.0	7.0	7.0	7.0	7.0	7.0	7.0	6.0	6.0	7.0	7.0	6.0	7.0	7.0	6.0	7.0	5.0	4.0	4.0	4.0	5.0	5.0	5.0	4.0
61	7.0	6.0	6.0	6.0	4.0	4.0	6.0	6.0	6.0	5.0	6.0	4.0	6.0	6.0	5.0	6.0	4.0	4.0	3.0	5.0	4.0	5.0	5.0	6.0	5.0	6.0	6.0	5.0	5.0	6.0	5.0	7.0	7.0	7.0	7.0	7.0	7.0	7.0	7.0	7.0	7.0	7.0	5.0	7.0	7.0	7.0	7.0	7.0	7.0	6.0	7.0	6.0	4.0	4.0	4.0	5.0	5.0	5.0	5.0	3.0
62	7.0	7.0	5.0	6.0	5.0	5.0	6.0	6.0	6.0	6.0	6.0	5.0	6.0	5.0	5.0	5.0	5.0	5.0	5.0	5.0	5.0	6.0	5.0	6.0	5.0	4.0	6.0	6.0	5.0	6.0	5.0	7.0	7.0	7.0	7.0	7.0	7.0	7.0	7.0	7.0	7.0	7.0	6.0	7.0	6.0	6.0	6.0	6.0	6.0	5.0	6.0	6.0	2.0	3.0	1.0	3.0	5.0	5.0	3.0	4.0	3.0
63	7.0	7.0	5.0	6.0	6.0	6.0	6.0	5.0	6.0	6.0	6.0	6.0	6.0	5.0	6.0	5.0	6.0	6.0	6.0	6.0	6.0	6.0	6.0	6.0	6.0	4.0	6.0	6.0	6.0	6.0	6.0	7.0	7.0	7.0	7.0	7.0	7.0	7.0	7.0	7.0	7.0	7.0	7.0	7.0	6.0	6.0	6.0	6.0	6.0	5.0	6.0	6.0	4.0	4.0	3.0	4.0	5.0	5.0	2.0	5.0	5.0	3.0
64	7.0	7.0	6.0	7.0	6.0	6.0	7.0	7.0	7.0	7.0	7.0	6.0	7.0	6.0	6.0	6.0	6.0	6.0	6.0	6.0	6.0	7.0	6.0	7.0	6.0	5.0	7.0	7.0	6.0	7.0	6.0	6.0	7.0	7.0	7.0	7.0	6.0	6.0	6.0	7.0	7.0	7.0	6.0	7.0	6.0	6.0	6.0	6.0	6.0	5.0	6.0	6.0	3.0	4.0	2.0	4.0	6.0	6.0	4.0	5.0	5.0	2.0	4.0
65	6.0	6.0	7.0	6.0	7.0	7.0	5.0	5.0	5.0	5.0	4.0	6.0	6.0	5.0	6.0	6.0	6.0	6.0	6.0	6.0	6.0	6.0	6.0	5.0	6.0	6.0	7.0	7.0	7.0	6.0	7.0	5.0	7.0	6.0	6.0	6.0	7.0	7.0	7.0	7.0	6.0	7.0	6.0	7.0	7.0	5.0	6.0	7.0	6.0	6.0	5.0	5.0	6.0	6.0	6.0	6.0	5.0	5.0	5.0	5.0	6.0	6.0	6.0	6.0
66	5.0	7.0	7.0	4.0	6.0	6.0	6.0	6.0	6.0	6.0	6.0	6.0	7.0	6.0	7.0	7.0	7.0	7.0	7.0	7.0	7.0	7.0	7.0	6.0	7.0	6.0	7.0	7.0	7.0	5.0	7.0	6.0	5.0	6.0	6.0	6.0	5.0	6.0	6.0	6.0	5.0	5.0	7.0	5.0	7.0	6.0	7.0	7.0	5.0	6.0	6.0	3.0	6.0	5.0	6.0	6.0	5.0	5.0	6.0	5.0	6.0	6.0	6.0	6.0	5.0
67	5.0	7.0	7.0	5.0	7.0	7.0	6.0	6.0	6.0	6.0	6.0	6.0	7.0	6.0	7.0	7.0	7.0	7.0	7.0	7.0	7.0	7.0	7.0	6.0	7.0	5.0	7.0	7.0	7.0	5.0	7.0	6.0	5.0	6.0	6.0	6.0	5.0	6.0	6.0	6.0	5.0	5.0	7.0	5.0	7.0	6.0	7.0	7.0	5.0	6.0	6.0	4.0	6.0	5.0	6.0	6.0	5.0	5.0	6.0	5.0	6.0	6.0	6.0	6.0	5.0	1.0
68	6.0	7.0	7.0	6.0	7.0	7.0	6.0	5.0	5.0	5.0	5.0	7.0	6.0	5.0	6.0	7.0	7.0	7.0	7.0	7.0	7.0	7.0	6.0	5.0	7.0	6.0	6.0	6.0	6.0	6.0	6.0	5.0	6.0	6.0	6.0	6.0	6.0	6.0	6.0	5.0	3.0	5.0	7.0	7.0	7.0	6.0	7.0	7.0	6.0	6.0	6.0	5.0	6.0	6.0	6.0	6.0	6.0	6.0	6.0	6.0	6.0	6.0	6.0	6.0	5.0	4.0	4.0
69	5.0	7.0	7.0	5.0	7.0	7.0	6.0	6.0	6.0	6.0	6.0	6.0	7.0	6.0	7.0	7.0	7.0	7.0	7.0	7.0	7.0	7.0	7.0	6.0	7.0	6.0	7.0	7.0	7.0	5.0	7.0	6.0	5.0	6.0	6.0	6.0	5.0	6.0	6.0	6.0	5.0	5.0	7.0	5.0	7.0	6.0	7.0	7.0	5.0	6.0	6.0	4.0	6.0	5.0	6.0	6.0	5.0	5.0	6.0	5.0	6.0	6.0	6.0	6.0	5.0	1.0	1.0	4.0
70	5.0	7.0	6.0	6.0	7.0	7.0	7.0	7.0	7.0	7.0	7.0	6.0	7.0	7.0	7.0	7.0	7.0	7.0	7.0	7.0	7.0	7.0	7.0	7.0	7.0	7.0	7.0	7.0	7.0	6.0	7.0	7.0	5.0	7.0	7.0	7.0	6.0	7.0	7.0	7.0	7.0	6.0	7.0	5.0	6.0	7.0	6.0	7.0	6.0	6.0	7.0	5.0	5.0	4.0	5.0	5.0	5.0	5.0	6.0	5.0	6.0	6.0	6.0	6.0	6.0	3.0	3.0	6.0	3.0
71	5.0	7.0	7.0	4.0	6.0	6.0	6.0	6.0	6.0	6.0	6.0	6.0	7.0	6.0	7.0	7.0	7.0	7.0	7.0	7.0	7.0	7.0	7.0	6.0	7.0	6.0	7.0	7.0	7.0	5.0	7.0	6.0	6.0	7.0	7.0	7.0	6.0	7.0	7.0	7.0	6.0	6.0	7.0	5.0	7.0	6.0	6.0	7.0	5.0	6.0	6.0	3.0	6.0	5.0	6.0	6.0	5.0	5.0	6.0	5.0	6.0	6.0	6.0	6.0	5.0	1.0	2.0	5.0	2.0	2.0
72	6.0	7.0	7.0	5.0	5.0	5.0	7.0	7.0	7.0	6.0	7.0	5.0	7.0	7.0	7.0	7.0	6.0	6.0	6.0	7.0	6.0	6.0	7.0	7.0	7.0	7.0	7.0	6.0	7.0	6.0	7.0	7.0	6.0	6.0	6.0	6.0	6.0	6.0	6.0	6.0	7.0	6.0	6.0	6.0	7.0	7.0	6.0	7.0	7.0	6.0	7.0	4.0	6.0	6.0	6.0	6.0	6.0	6.0	6.0	5.0	5.0	6.0	6.0	6.0	6.0	3.0	4.0	6.0	4.0	3.0	2.0
73	5.0	7.0	7.0	4.0	6.0	6.0	6.0	6.0	6.0	6.0	6.0	7.0	7.0	6.0	7.0	7.0	7.0	7.0	7.0	7.0	7.0	7.0	7.0	6.0	7.0	6.0	7.0	7.0	7.0	5.0	7.0	6.0	6.0	7.0	7.0	7.0	6.0	7.0	7.0	7.0	6.0	6.0	7.0	5.0	7.0	6.0	6.0	7.0	5.0	6.0	6.0	3.0	6.0	5.0	6.0	6.0	5.0	5.0	6.0	5.0	6.0	6.0	6.0	6.0	5.0	2.0	3.0	5.0	3.0	3.0	1.0	3.0
74	6.0	5.0	6.0	7.0	7.0	6.0	5.0	6.0	6.0	6.0	6.0	6.0	6.0	5.0	6.0	6.0	6.0	6.0	6.0	5.0	6.0	6.0	6.0	6.0	5.0	6.0	6.0	6.0	7.0	7.0	7.0	6.0	6.0	5.0	5.0	5.0	6.0	7.0	7.0	6.0	7.0	6.0	5.0	5.0	6.0	5.0	4.0	6.0	5.0	4.0	6.0	6.0	5.0	4.0	5.0	5.0	5.0	5.0	5.0	6.0	6.0	5.0	5.0	5.0	5.0	5.0	5.0	6.0	5.0	4.0	4.0	5.0	4.0
75	7.0	7.0	7.0	7.0	7.0	7.0	6.0	6.0	6.0	7.0	6.0	7.0	6.0	7.0	6.0	6.0	7.0	7.0	7.0	7.0	7.0	7.0	6.0	7.0	6.0	7.0	7.0	7.0	6.0	7.0	6.0	7.0	7.0	7.0	7.0	7.0	7.0	7.0	7.0	7.0	7.0	7.0	6.0	7.0	7.0	7.0	4.0	7.0	7.0	6.0	7.0	6.0	6.0	6.0	6.0	6.0	6.0	6.0	6.0	6.0	6.0	6.0	6.0	6.0	6.0	6.0	6.0	6.0	6.0	5.0	5.0	5.0	5.0	4.0
76	7.0	7.0	7.0	7.0	7.0	7.0	7.0	7.0	7.0	7.0	7.0	7.0	7.0	7.0	7.0	7.0	7.0	7.0	7.0	7.0	7.0	7.0	7.0	7.0	7.0	7.0	6.0	6.0	7.0	7.0	7.0	7.0	6.0	7.0	7.0	7.0	6.0	7.0	7.0	6.0	6.0	5.0	7.0	6.0	7.0	7.0	6.0	7.0	6.0	5.0	7.0	6.0	6.0	5.0	6.0	6.0	5.0	5.0	6.0	6.0	6.0	6.0	6.0	6.0	6.0	5.0	5.0	5.0	5.0	4.0	4.0	5.0	3.0	4.0	5.0
77	5.0	6.0	6.0	5.0	7.0	7.0	5.0	5.0	5.0	5.0	5.0	6.0	6.0	4.0	6.0	5.0	6.0	6.0	6.0	6.0	6.0	6.0	6.0	5.0	6.0	4.0	7.0	7.0	7.0	5.0	7.0	5.0	7.0	6.0	6.0	5.0	7.0	7.0	7.0	7.0	6.0	7.0	6.0	7.0	6.0	4.0	6.0	6.0	5.0	5.0	2.0	5.0	5.0	5.0	4.0	5.0	6.0	6.0	4.0	6.0	6.0	4.0	4.0	4.0	4.0	5.0	5.0	5.0	5.0	6.0	5.0	6.0	5.0	4.0	6.0	6.0
78	7.0	7.0	7.0	6.0	5.0	5.0	7.0	7.0	7.0	6.0	7.0	5.0	7.0	7.0	7.0	7.0	6.0	6.0	6.0	7.0	6.0	6.0	7.0	7.0	7.0	7.0	7.0	6.0	7.0	7.0	7.0	7.0	6.0	6.0	6.0	6.0	6.0	6.0	6.0	6.0	7.0	6.0	6.0	7.0	7.0	7.0	7.0	7.0	7.0	6.0	7.0	5.0	6.0	6.0	6.0	6.0	6.0	6.0	6.0	6.0	5.0	6.0	6.0	6.0	6.0	4.0	5.0	6.0	5.0	5.0	4.0	2.0	5.0	6.0	6.0	6.0	6.0
79	7.0	7.0	7.0	6.0	5.0	5.0	7.0	7.0	7.0	6.0	7.0	5.0	7.0	7.0	7.0	7.0	6.0	6.0	6.0	7.0	6.0	6.0	7.0	7.0	7.0	7.0	7.0	6.0	7.0	7.0	7.0	7.0	6.0	6.0	6.0	6.0	6.0	6.0	6.0	6.0	7.0	6.0	6.0	7.0	7.0	7.0	7.0	7.0	7.0	6.0	7.0	5.0	6.0	6.0	6.0	6.0	6.0	6.0	6.0	6.0	5.0	6.0	6.0	6.0	6.0	4.0	5.0	6.0	5.0	5.0	4.0	2.0	5.0	6.0	6.0	6.0	6.0	1.0
80	7.0	7.0	7.0	6.0	5.0	5.0	7.0	7.0	7.0	6.0	7.0	5.0	7.0	7.0	7.0	7.0	6.0	6.0	6.0	7.0	6.0	6.0	7.0	7.0	7.0	7.0	7.0	6.0	7.0	7.0	7.0	7.0	7.0	7.0	7.0	7.0	7.0	7.0	7.0	7.0	7.0	7.0	6.0	7.0	7.0	7.0	7.0	7.0	7.0	6.0	7.0	5.0	6.0	6.0	6.0	6.0	6.0	6.0	6.0	6.0	5.0	6.0	6.0	6.0	6.0	4.0	5.0	6.0	5.0	5.0	4.0	3.0	5.0	6.0	6.0	6.0	6.0	2.0	1.0
81	5.0	7.0	7.0	4.0	6.0	6.0	6.0	6.0	6.0	6.0	6.0	6.0	7.0	6.0	7.0	7.0	7.0	7.0	7.0	7.0	7.0	7.0	7.0	6.0	7.0	6.0	7.0	7.0	7.0	5.0	7.0	6.0	7.0	7.0	7.0	7.0	7.0	7.0	7.0	7.0	6.0	7.0	7.0	6.0	7.0	6.0	7.0	7.0	6.0	7.0	6.0	4.0	7.0	7.0	7.0	7.0	7.0	7.0	7.0	6.0	7.0	7.0	7.0	7.0	6.0	3.0	4.0	6.0	4.0	5.0	3.0	4.0	4.0	7.0	7.0	7.0	6.0	5.0	5.0	5.0
82	5.0	7.0	7.0	4.0	6.0	6.0	5.0	6.0	5.0	6.0	6.0	6.0	6.0	5.0	6.0	6.0	7.0	7.0	7.0	6.0	7.0	7.0	7.0	5.0	6.0	6.0	7.0	7.0	6.0	5.0	6.0	6.0	7.0	6.0	7.0	7.0	7.0	6.0	7.0	6.0	6.0	7.0	7.0	6.0	7.0	6.0	7.0	7.0	6.0	7.0	6.0	4.0	7.0	7.0	7.0	7.0	7.0	7.0	7.0	6.0	7.0	7.0	7.0	7.0	6.0	3.0	4.0	6.0	4.0	5.0	3.0	4.0	4.0	7.0	7.0	7.0	6.0	5.0	5.0	5.0	1.0
83	5.0	7.0	7.0	4.0	6.0	6.0	6.0	6.0	6.0	6.0	6.0	6.0	7.0	6.0	7.0	7.0	7.0	7.0	7.0	7.0	7.0	7.0	7.0	6.0	7.0	6.0	7.0	7.0	7.0	5.0	7.0	6.0	6.0	7.0	7.0	7.0	6.0	7.0	7.0	7.0	6.0	6.0	7.0	5.0	7.0	6.0	7.0	7.0	5.0	7.0	6.0	4.0	7.0	6.0	7.0	7.0	6.0	6.0	7.0	6.0	7.0	7.0	7.0	7.0	6.0	2.0	3.0	6.0	3.0	4.0	2.0	4.0	3.0	6.0	7.0	6.0	6.0	5.0	5.0	5.0	1.0	1.0
84	5.0	7.0	7.0	4.0	6.0	6.0	6.0	6.0	6.0	6.0	6.0	6.0	7.0	6.0	7.0	7.0	7.0	7.0	7.0	7.0	7.0	7.0	7.0	6.0	7.0	6.0	7.0	7.0	7.0	5.0	7.0	6.0	7.0	7.0	7.0	7.0	7.0	7.0	7.0	7.0	6.0	7.0	7.0	6.0	7.0	6.0	7.0	7.0	6.0	7.0	6.0	4.0	7.0	7.0	7.0	7.0	7.0	7.0	7.0	6.0	7.0	7.0	7.0	7.0	6.0	3.0	4.0	6.0	4.0	5.0	3.0	4.0	4.0	7.0	7.0	7.0	6.0	5.0	5.0	5.0	1.0	1.0	1.0
85	6.0	7.0	7.0	5.0	6.0	6.0	6.0	6.0	6.0	6.0	6.0	6.0	7.0	6.0	7.0	7.0	6.0	7.0	7.0	7.0	7.0	7.0	7.0	6.0	7.0	6.0	7.0	7.0	7.0	6.0	7.0	6.0	7.0	7.0	7.0	7.0	7.0	7.0	7.0	7.0	6.0	7.0	7.0	7.0	7.0	6.0	7.0	7.0	6.0	7.0	6.0	5.0	7.0	7.0	7.0	7.0	7.0	7.0	7.0	7.0	7.0	7.0	7.0	7.0	6.0	4.0	5.0	6.0	5.0	6.0	4.0	5.0	5.0	7.0	7.0	7.0	6.0	5.0	5.0	5.0	1.0	2.0	2.0	2.0
86	7.0	7.0	6.0	6.0	6.0	6.0	6.0	6.0	6.0	6.0	6.0	6.0	6.0	6.0	6.0	6.0	6.0	6.0	6.0	6.0	6.0	6.0	6.0	6.0	6.0	5.0	6.0	6.0	6.0	6.0	6.0	7.0	7.0	7.0	7.0	7.0	7.0	7.0	7.0	7.0	7.0	7.0	7.0	7.0	7.0	7.0	6.0	7.0	7.0	7.0	7.0	7.0	6.0	6.0	6.0	6.0	6.0	6.0	6.0	6.0	6.0	6.0	6.0	7.0	7.0	7.0	6.0	7.0	7.0	7.0	7.0	7.0	7.0	7.0	7.0	7.0	7.0	7.0	7.0	7.0	7.0	7.0	7.0	6.0	7.0
87	7.0	7.0	6.0	6.0	6.0	6.0	6.0	6.0	6.0	6.0	6.0	6.0	6.0	6.0	6.0	6.0	6.0	6.0	6.0	6.0	5.0	6.0	6.0	6.0	6.0	5.0	6.0	6.0	6.0	6.0	6.0	7.0	7.0	7.0	7.0	7.0	7.0	7.0	7.0	7.0	7.0	7.0	7.0	7.0	7.0	7.0	7.0	7.0	7.0	7.0	7.0	7.0	6.0	6.0	6.0	6.0	6.0	6.0	6.0	6.0	6.0	6.0	6.0	7.0	7.0	7.0	6.0	7.0	7.0	7.0	7.0	7.0	7.0	7.0	7.0	7.0	7.0	7.0	7.0	7.0	7.0	7.0	7.0	6.0	7.0	2.0
88	7.0	7.0	6.0	6.0	6.0	6.0	6.0	6.0	6.0	6.0	6.0	6.0	6.0	6.0	6.0	6.0	6.0	6.0	6.0	6.0	6.0	6.0	6.0	6.0	6.0	5.0	6.0	6.0	6.0	6.0	6.0	7.0	7.0	7.0	7.0	7.0	7.0	7.0	7.0	7.0	7.0	7.0	7.0	7.0	7.0	7.0	7.0	7.0	7.0	7.0	7.0	7.0	6.0	6.0	6.0	6.0	6.0	6.0	6.0	6.0	6.0	6.0	6.0	7.0	7.0	7.0	6.0	7.0	7.0	7.0	7.0	7.0	7.0	7.0	7.0	7.0	7.0	7.0	7.0	7.0	7.0	7.0	7.0	6.0	7.0	1.0	1.0
89	6.0	7.0	6.0	5.0	6.0	6.0	6.0	6.0	6.0	6.0	6.0	6.0	6.0	6.0	6.0	6.0	6.0	6.0	6.0	6.0	6.0	6.0	6.0	6.0	6.0	5.0	6.0	6.0	6.0	5.0	6.0	7.0	7.0	7.0	7.0	7.0	7.0	7.0	7.0	7.0	7.0	7.0	7.0	6.0	7.0	7.0	7.0	7.0	7.0	7.0	7.0	6.0	6.0	6.0	6.0	6.0	6.0	6.0	6.0	5.0	6.0	6.0	6.0	7.0	7.0	6.0	5.0	7.0	6.0	6.0	6.0	6.0	6.0	7.0	7.0	7.0	7.0	7.0	7.0	7.0	6.0	6.0	6.0	5.0	7.0	2.0	1.0	1.0
90	6.0	7.0	6.0	7.0	6.0	6.0	7.0	7.0	7.0	7.0	7.0	6.0	7.0	7.0	6.0	7.0	6.0	6.0	6.0	6.0	5.0	7.0	6.0	7.0	6.0	7.0	7.0	7.0	6.0	7.0	6.0	6.0	4.0	7.0	7.0	7.0	5.0	6.0	6.0	7.0	7.0	6.0	6.0	6.0	6.0	7.0	7.0	7.0	6.0	7.0	7.0	6.0	5.0	4.0	5.0	6.0	6.0	6.0	7.0	6.0	6.0	6.0	7.0	5.0	7.0	6.0	6.0	7.0	6.0	5.0	6.0	7.0	6.0	6.0	7.0	6.0	7.0	7.0	7.0	7.0	7.0	7.0	6.0	7.0	7.0	6.0	5.0	6.0	6.0
91	6.0	7.0	6.0	7.0	6.0	6.0	7.0	7.0	7.0	7.0	7.0	6.0	7.0	7.0	6.0	7.0	6.0	6.0	6.0	6.0	6.0	7.0	6.0	7.0	6.0	7.0	7.0	7.0	6.0	7.0	6.0	6.0	4.0	7.0	7.0	7.0	5.0	6.0	6.0	7.0	7.0	6.0	6.0	6.0	6.0	7.0	7.0	7.0	6.0	7.0	7.0	6.0	5.0	4.0	5.0	6.0	6.0	6.0	7.0	6.0	6.0	6.0	7.0	5.0	7.0	6.0	6.0	7.0	6.0	5.0	6.0	7.0	6.0	6.0	7.0	6.0	7.0	7.0	7.0	7.0	7.0	7.0	6.0	7.0	7.0	6.0	6.0	6.0	6.0	1.0
92	6.0	7.0	6.0	7.0	6.0	6.0	7.0	7.0	7.0	7.0	7.0	6.0	7.0	7.0	6.0	7.0	6.0	6.0	6.0	6.0	5.0	7.0	6.0	7.0	6.0	7.0	7.0	7.0	6.0	7.0	6.0	6.0	5.0	7.0	7.0	7.0	6.0	6.0	6.0	7.0	7.0	7.0	6.0	7.0	6.0	7.0	7.0	7.0	7.0	7.0	7.0	6.0	5.0	5.0	5.0	6.0	7.0	7.0	7.0	6.0	6.0	6.0	7.0	5.0	7.0	7.0	7.0	7.0	7.0	6.0	7.0	7.0	7.0	7.0	7.0	7.0	7.0	7.0	7.0	7.0	7.0	7.0	7.0	7.0	7.0	6.0	5.0	6.0	6.0	1.0	2.0
93	6.0	7.0	6.0	7.0	6.0	6.0	7.0	7.0	7.0	7.0	7.0	6.0	7.0	7.0	6.0	7.0	6.0	6.0	6.0	6.0	5.0	7.0	6.0	7.0	6.0	7.0	7.0	7.0	6.0	7.0	6.0	6.0	5.0	7.0	7.0	7.0	6.0	7.0	7.0	7.0	7.0	6.0	6.0	6.0	6.0	7.0	7.0	7.0	6.0	7.0	7.0	7.0	5.0	4.0	5.0	6.0	6.0	6.0	7.0	6.0	6.0	6.0	7.0	5.0	7.0	6.0	6.0	7.0	6.0	5.0	6.0	7.0	5.0	6.0	7.0	5.0	7.0	7.0	7.0	7.0	7.0	7.0	6.0	7.0	7.0	6.0	5.0	6.0	6.0	1.0	2.0	2.0
94	6.0	7.0	6.0	7.0	6.0	6.0	7.0	7.0	7.0	7.0	7.0	6.0	7.0	7.0	6.0	7.0	6.0	6.0	6.0	6.0	6.0	7.0	6.0	7.0	6.0	7.0	7.0	7.0	6.0	7.0	6.0	6.0	4.0	7.0	7.0	7.0	5.0	6.0	6.0	7.0	7.0	6.0	6.0	6.0	6.0	7.0	7.0	7.0	6.0	7.0	7.0	6.0	5.0	4.0	5.0	6.0	6.0	6.0	7.0	6.0	6.0	6.0	7.0	5.0	7.0	6.0	6.0	7.0	6.0	5.0	6.0	7.0	6.0	6.0	7.0	6.0	7.0	7.0	7.0	7.0	7.0	7.0	6.0	7.0	7.0	6.0	6.0	6.0	6.0	1.0	1.0	2.0	2.0
95	7.0	7.0	7.0	7.0	6.0	6.0	7.0	7.0	7.0	7.0	7.0	6.0	7.0	7.0	6.0	7.0	6.0	6.0	6.0	6.0	5.0	7.0	6.0	7.0	6.0	7.0	7.0	7.0	6.0	7.0	6.0	6.0	5.0	7.0	7.0	7.0	5.0	6.0	6.0	7.0	7.0	6.0	6.0	6.0	7.0	7.0	7.0	7.0	6.0	7.0	7.0	6.0	6.0	5.0	6.0	7.0	6.0	6.0	7.0	6.0	6.0	6.0	7.0	5.0	7.0	6.0	6.0	7.0	6.0	6.0	6.0	7.0	6.0	6.0	7.0	6.0	7.0	7.0	7.0	7.0	7.0	7.0	6.0	7.0	7.0	6.0	5.0	6.0	6.0	1.0	2.0	2.0	2.0	2.0
96	7.0	7.0	7.0	7.0	6.0	6.0	7.0	7.0	7.0	7.0	7.0	6.0	7.0	7.0	6.0	7.0	6.0	6.0	6.0	6.0	5.0	7.0	6.0	7.0	6.0	7.0	7.0	7.0	6.0	7.0	6.0	6.0	5.0	7.0	7.0	7.0	5.0	6.0	6.0	7.0	7.0	6.0	6.0	6.0	7.0	7.0	7.0	7.0	6.0	7.0	7.0	6.0	6.0	5.0	6.0	7.0	6.0	6.0	7.0	6.0	6.0	6.0	7.0	5.0	7.0	6.0	6.0	7.0	6.0	6.0	6.0	7.0	6.0	6.0	7.0	6.0	7.0	7.0	7.0	7.0	7.0	7.0	6.0	7.0	7.0	6.0	5.0	6.0	6.0	1.0	2.0	2.0	2.0	2.0	1.0
97	6.0	6.0	7.0	6.0	7.0	7.0	5.0	5.0	5.0	5.0	4.0	6.0	6.0	5.0	6.0	6.0	6.0	6.0	6.0	6.0	6.0	6.0	6.0	5.0	6.0	6.0	7.0	7.0	7.0	6.0	7.0	5.0	6.0	6.0	6.0	6.0	6.0	6.0	6.0	7.0	6.0	7.0	6.0	7.0	7.0	5.0	6.0	7.0	6.0	7.0	5.0	5.0	7.0	7.0	7.0	7.0	7.0	7.0	6.0	6.0	7.0	7.0	7.0	7.0	2.0	6.0	6.0	6.0	6.0	7.0	6.0	7.0	6.0	6.0	7.0	7.0	5.0	7.0	7.0	7.0	6.0	6.0	6.0	6.0	6.0	6.0	6.0	6.0	6.0	5.0	5.0	5.0	6.0	5.0	5.0	5.0
98	7.0	6.0	7.0	7.0	7.0	7.0	6.0	6.0	6.0	6.0	5.0	6.0	6.0	6.0	6.0	6.0	6.0	6.0	6.0	6.0	6.0	6.0	6.0	6.0	6.0	7.0	7.0	7.0	7.0	7.0	7.0	6.0	6.0	6.0	6.0	6.0	6.0	6.0	6.0	7.0	7.0	7.0	6.0	7.0	7.0	6.0	6.0	7.0	7.0	7.0	6.0	6.0	7.0	7.0	7.0	7.0	6.0	6.0	6.0	6.0	7.0	7.0	7.0	7.0	3.0	7.0	7.0	7.0	7.0	7.0	7.0	7.0	7.0	6.0	7.0	7.0	6.0	7.0	7.0	7.0	7.0	7.0	7.0	7.0	7.0	6.0	6.0	6.0	6.0	5.0	5.0	5.0	6.0	5.0	5.0	5.0	1.0
99	6.0	6.0	7.0	6.0	7.0	7.0	5.0	5.0	5.0	5.0	5.0	6.0	6.0	5.0	6.0	6.0	6.0	6.0	6.0	6.0	6.0	6.0	6.0	5.0	6.0	6.0	7.0	7.0	7.0	6.0	7.0	5.0	5.0	5.0	5.0	5.0	5.0	6.0	6.0	6.0	5.0	5.0	6.0	6.0	7.0	4.0	7.0	7.0	5.0	7.0	5.0	6.0	7.0	6.0	7.0	7.0	6.0	6.0	7.0	7.0	7.0	7.0	7.0	7.0	5.0	4.0	4.0	5.0	4.0	6.0	5.0	7.0	5.0	5.0	7.0	6.0	5.0	6.0	6.0	6.0	6.0	6.0	5.0	6.0	6.0	6.0	6.0	6.0	6.0	5.0	5.0	6.0	5.0	5.0	5.0	5.0	4.0	5.0
100	7.0	6.0	7.0	7.0	6.0	6.0	7.0	7.0	7.0	6.0	7.0	6.0	7.0	7.0	7.0	6.0	6.0	6.0	6.0	7.0	6.0	6.0	7.0	7.0	7.0	6.0	7.0	6.0	7.0	7.0	7.0	7.0	7.0	7.0	7.0	7.0	7.0	7.0	7.0	7.0	7.0	7.0	6.0	7.0	6.0	6.0	7.0	7.0	7.0	7.0	6.0	7.0	7.0	7.0	6.0	7.0	7.0	7.0	6.0	7.0	4.0	5.0	6.0	6.0	7.0	7.0	7.0	7.0	7.0	7.0	7.0	6.0	7.0	7.0	7.0	7.0	6.0	6.0	6.0	6.0	7.0	7.0	7.0	7.0	7.0	6.0	6.0	6.0	6.0	6.0	6.0	6.0	6.0	6.0	6.0	6.0	6.0	6.0	6.0